aoc2021-haskell-0.1.0.0: unregistering (local file changes: src/Day11.hs)
aoc2021-haskell> build (lib + exe)
Preprocessing library for aoc2021-haskell-0.1.0.0..
Building library for aoc2021-haskell-0.1.0.0..
[12 of 13] Compiling Day11
[13 of 13] Compiling Lib [Day11 changed]
Preprocessing executable 'aoc2021-haskell-exe' for aoc2021-haskell-0.1.0.0..
Building executable 'aoc2021-haskell-exe' for aoc2021-haskell-0.1.0.0..
[1 of 2] Compiling Main [Lib changed]
Linking .stack-work/dist/x86_64-osx/Cabal-3.2.1.0/build/aoc2021-haskell-exe/aoc2021-haskell-exe ...
aoc2021-haskell> copy/register
Installing library in /Users/jacksonriley/aoc2021-haskell/.stack-work/install/x86_64-osx/0e992066c1e21ce4a9a78b97535bb76b1e21cf00dcf21b842196131a64012958/8.10.7/lib/x86_64-osx-ghc-8.10.7/aoc2021-haskell-0.1.0.0-G1hG5ntatbH2gQJY0J0A6
Installing executable aoc2021-haskell-exe in /Users/jacksonriley/aoc2021-haskell/.stack-work/install/x86_64-osx/0e992066c1e21ce4a9a78b97535bb76b1e21cf00dcf21b842196131a64012958/8.10.7/bin
Registering library for aoc2021-haskell-0.1.0.0..
fromList []
2524255331
1135625881
2838353863
1662312365
6847835825
2185684367
6874212831
5387247811
2255482875
8528557131

fromList [(0,9),(1,2),(1,4),(1,6),(2,5),(2,7),(3,2),(3,9),(4,4),(5,5),(5,8),(7,1),(7,2),(7,4),(7,6),(7,7),(7,8),(8,1)]
fromList [(1,3),(2,3),(2,6),(3,4),(3,7),(4,5),(6,7),(6,9),(8,2),(8,3),(8,5),(8,8)]
fromList [(0,4),(2,4),(2,8),(3,5),(3,6),(3,8),(9,5)]
fromList [(4,8),(4,9),(9,4)]
fromList [(5,9),(9,3)]
fromList [(6,8),(8,4)]
fromList [(5,7),(7,3)]
fromList [(4,6),(4,7),(6,4)]
fromList [(6,5),(7,5)]
fromList [(5,4),(5,6),(6,6),(8,6)]
fromList []
3635366442
2246736992
3949464974
2773423476
7958946936
3296795478
7985323942
6498358922
3366593986
9639668242

fromList [(0,6),(1,5),(1,7),(1,9),(2,2),(3,3),(4,1),(4,3),(6,1),(6,3),(9,2)]
fromList [(0,5),(0,7),(1,8),(3,1),(4,2),(5,0),(5,2),(6,0),(6,2)]
fromList [(0,8),(2,1),(2,9),(5,1),(5,3),(7,0)]
fromList [(3,0)]
fromList [(4,0)]
fromList []
4746478774
4478949005
6090678009
7009969000
0000000000
7900000000
9000000006
8900000085
5700000008
0970000774

fromList [(1,0),(8,0),(8,7),(9,8)]
fromList [(2,0),(8,9)]
fromList [(1,1),(7,9)]
fromList []
5980000095
5700000537
7308000420
8230000322
3333443211
0021111111
0631111117
0031111196
0052111119
4002111885

fromList [(0,2),(0,3),(3,2),(9,1),(9,6),(9,7)]
fromList [(0,1)]
fromList [(0,0)]
fromList []
8002111207
8042111759
9529111531
9341111433
4444554322
1132222222
1742222339
1142222309
1163223560
5113223008

fromList [(1,2),(9,0),(9,9)]
fromList [(8,8)]
fromList []
0313222329
0464322870
0940322653
0663322544
6655665433
2243333344
2853333460
2253333430
2274334682
6224334119

fromList [(1,6),(7,1),(8,1)]
fromList [(7,2)]
fromList [(8,2)]
fromList []
1424333440
2685433992
2061433764
2884433655
7766776544
3354444455
3964444571
3364444652
3385445805
7335445340

fromList [(1,3),(2,1),(2,3),(2,8),(7,3),(7,8)]
fromList [(0,4),(1,4),(2,2),(2,4),(2,7),(8,3)]
fromList [(1,1),(2,5),(2,6),(3,4)]
fromList [(1,5),(3,3),(3,5),(4,4)]
fromList [(3,6),(5,4)]
fromList [(3,7),(4,3),(4,5),(6,4)]
fromList [(3,8),(4,6),(5,5),(7,4)]
fromList [(4,7),(6,3),(6,5)]
fromList [(5,3),(5,6)]
fromList [(6,2)]
fromList []
2535445772
3796546005
3172546007
3995545987
8877887655
5575555566
5085555682
5585555763
4496556916
8446556451

fromList [(0,5),(0,9),(1,7),(3,1),(3,9),(4,2),(4,8),(5,2),(5,7),(6,6),(7,5),(7,7),(8,4),(8,6),(9,2),(9,3)]
fromList [(0,6),(1,8),(3,2),(4,1),(4,9),(5,8),(6,1),(6,7),(6,8),(7,6),(8,5),(8,7),(9,4),(9,5)]
fromList [(0,7),(2,9),(3,0),(5,1),(5,9),(6,9),(7,0)]
fromList [(0,8),(1,6),(1,9),(4,0),(6,0),(8,0)]
fromList [(5,0)]
fromList []
4867556883
5009668216
6708990539
7000000009
0000000097
9000000987
7500009893
6900098984
5700978037
9679768672

fromList [(1,0),(2,0),(7,9),(9,1),(9,8)]
fromList [(8,9)]
fromList [(8,8)]
fromList [(7,8),(9,7)]
fromList [(9,6)]
fromList []
5990000005
6140000759
7830004760
8123432250
2211112400
0421124000
0031240008
0042400007
0065000669
0000000983

fromList [(0,3),(1,2)]
fromList [(0,1),(0,2)]
fromList []
7002111127
8472111870
8941115882
9234543361
3322223511
1532235122
1142351130
1153512360
1176113000
1111113007

fromList [(0,0),(2,1),(7,1),(7,2),(8,2)]
fromList [(1,1),(8,1),(8,3)]
fromList [(9,0)]
fromList []
9213222238
0893222981
0062226993
0655654472
5533334622
2643346233
2253462241
2264623471
2287224111
2222224118

fromList [(2,2),(2,8),(6,2),(9,9)]
fromList [(3,8),(7,3)]
fromList [(2,7),(7,4)]
fromList [(6,3)]
fromList []
0645334570
3005335005
2394339007
1766766805
6644445844
3754457344
3364573352
3375734582
3398335222
3333335229

fromList [(1,3),(3,7),(4,7),(5,3),(6,4),(6,5),(8,7)]
fromList [(2,3),(2,6),(4,3),(5,4),(5,6)]
fromList [(1,4),(1,5),(3,3),(3,6),(4,6),(5,5)]
fromList [(0,4),(2,4),(2,5),(3,2),(4,4),(4,5)]
fromList [(3,4),(3,5)]
fromList []
1756445681
4227457216
3506460428
2988890036
7755569075
4865569565
4586684463
4609945693
4600546344
4566546340

fromList [(1,6),(3,1),(4,2),(5,2),(8,0),(9,2)]
fromList [(0,5),(1,7),(4,1),(6,1),(9,1)]
fromList [(0,6),(3,0),(5,1),(7,0)]
fromList [(4,0),(6,0)]
fromList [(5,0)]
fromList []
2867556792
5349668327
5850992539
6000004247
0000000386
8000000876
6900008785
5840087805
5723867566
5677657451

fromList [(0,7),(1,0),(1,2),(1,8),(2,0),(4,8),(5,7),(6,6),(7,5),(7,7),(8,4),(8,6),(9,3)]
fromList [(0,8),(2,1),(2,9),(3,9),(5,8),(6,7),(6,8),(7,6),(8,5),(9,4),(9,5)]
fromList [(1,9),(2,2),(4,9),(5,9),(6,9),(7,8),(8,3),(9,6)]
fromList [(0,9),(1,1),(8,8)]
fromList [(0,1),(7,9),(9,7)]
fromList [(0,2),(8,9),(9,8)]
fromList [(0,3),(8,7)]
fromList []
3990000005
6470000870
6974006760
7112336369
2211111497
0421111987
0031119896
9071198916
7944978677
6788768562

fromList [(2,7),(2,8),(3,8),(7,1),(7,2),(7,4),(8,2)]
fromList [(6,2),(6,3),(7,3),(8,1)]
fromList []
7003111116
0004111981
0007117993
0644447600
4422223900
1532235000
2242350000
0493500000
0099000000
0000000006

fromList []
8114223448
1115235004
1118240006
1755570052
5533347031
2643347221
3464461111
1707711111
1300211111
1233211117

fromList [(0,0),(3,2),(9,0)]
fromList []
9225334559
2226346115
2229351117
2866681163
6644458142
3754458332
4575572222
2818822222
2411322222
2344322228

fromList [(1,3),(1,7),(3,7),(4,7),(5,3),(6,4),(6,5),(9,9)]
fromList [(2,3),(2,6),(4,3),(5,4),(5,6)]
fromList [(1,4),(1,5),(3,3),(3,6),(4,6),(5,5)]
fromList [(0,4),(1,6),(2,4),(2,5),(4,4),(4,5)]
fromList [(3,4),(3,5)]
fromList []
0436445670
4448557237
3340562228
3988892274
7755569253
4865569443
5686683333
3929933333
3522433333
3455433339

fromList [(0,5),(0,6),(3,1),(4,2),(5,2),(9,2)]
fromList [(2,2),(4,1),(6,1),(8,3),(9,1)]
fromList [(3,0),(5,1),(8,0)]
fromList [(4,0),(7,0)]
fromList [(5,0),(6,0)]
fromList []
1547556781
5559668348
5684994339
7000006485
0000000564
9000000754
9000007544
6080075444
5755754455
4566544450

fromList [(2,1),(2,7),(3,2),(8,1)]
fromList [(1,2),(1,8),(7,1)]
fromList [(0,3),(0,7),(1,1),(6,2),(8,2)]
fromList [(0,2),(2,0),(6,3),(7,2),(9,3)]
fromList [(0,1),(1,0),(7,3),(8,4)]
fromList [(7,4),(7,5)]
fromList [(6,6),(8,5)]
fromList [(5,7),(7,6),(9,4)]
fromList [(4,8),(6,7)]
fromList [(5,8)]
fromList []
2670000004
6790000890
6809008670
8223338608
2211111786
0311111865
0311118655
8291186555
6866865566
5677655561

fromList [(0,8),(2,8),(2,9),(3,8),(3,9),(4,9),(6,8),(7,7),(8,6),(9,5)]
fromList [(1,9),(5,9),(7,8),(8,7),(9,6)]
fromList [(0,9),(6,9),(8,8),(9,7)]
fromList [(7,9),(8,9),(9,8)]
fromList []
6003112336
0004224003
0050230004
0655560080
4422236000
1422236009
2633350097
0604500976
9099009777
7899987672

fromList [(1,7),(8,3)]
fromList []
7114223447
1115335114
1161341115
1766671191
5533347122
2533347240
3744462400
2937724000
0600550000
0000000006

fromList [(1,6)]
fromList []
8225334558
2226446225
2272452337
2877782303
6644458344
3644458351
5965573511
4058835111
2821661111
1111111117

fromList [(0,0),(1,3),(1,8),(3,7),(4,7),(5,3),(6,4),(6,5),(9,0)]
fromList [(2,2),(2,3),(2,6),(2,7),(4,3),(4,8),(5,4),(5,6)]
fromList [(1,4),(1,5),(3,3),(3,6),(4,6),(5,5),(5,8)]
fromList [(0,4),(2,4),(2,5),(4,4),(4,5),(5,7)]
fromList [(3,4),(3,5),(6,7)]
fromList [(6,6)]
fromList [(7,6)]
fromList []
9336445669
3337557336
3383563448
3988893414
7755569455
5865569462
7086684622
6279946222
3932772222
2222222228

fromList [(0,5),(0,6),(3,1),(4,2),(5,2),(7,5),(9,2),(9,9)]
fromList [(0,7),(3,2),(4,1),(6,1),(8,5),(9,1)]
fromList [(3,0),(5,1),(7,4),(8,0)]
fromList [(4,0),(6,3),(7,0),(8,4)]
fromList [(5,0),(6,0),(6,2),(7,3),(8,1)]
fromList [(7,1),(7,2),(8,2)]
fromList []
0547556780
5659668458
5708995559
7000007625
0000000766
9000000983
9500000043
8600000643
5077006433
4444554339

fromList [(1,6),(1,7),(2,1),(8,3),(9,3),(9,4)]
fromList [(1,2),(2,8)]
fromList [(0,3),(1,1),(3,8)]
fromList [(0,2),(2,0)]
fromList [(0,1),(1,0)]
fromList []
1670000004
6790000000
6830000000
8123450099
2211125009
0311113006
0911112375
0911111754
7288117555
5555665450

fromList [(0,8)]
fromList []
5003111115
0003111111
0072111233
0544561200
4422236240
2532224128
3042223486
3064322865
9500328666
6788876561

fromList [(1,9),(2,9),(3,9),(4,9),(6,8),(7,7),(8,6),(9,5)]
fromList [(0,9),(1,8),(5,9),(7,8),(8,7),(9,6)]
fromList [(6,9),(8,8),(9,7)]
fromList [(7,9),(8,9),(9,8)]
fromList []
6114222226
1114222222
1183222344
1655672311
5533347351
3643335239
4153334597
5275433976
0711439777
8999987672

fromList [(2,2),(2,7),(7,6)]
fromList []
7225333337
2225333333
2294333455
2766783422
6644458473
4754446470
5264446900
7496557000
4065880000
0000000006

fromList [(1,3),(4,8),(5,3),(5,8),(6,4),(6,7),(8,5)]
fromList [(2,3),(3,7),(4,3),(5,7),(6,5),(6,6),(8,4)]
fromList [(1,4),(2,6),(2,8),(3,3),(3,8),(4,7),(5,4),(5,6),(7,4),(7,5)]
fromList [(0,4),(1,5),(2,4),(3,2),(3,6),(4,4),(4,6),(5,5)]
fromList [(2,5),(3,4),(3,5),(4,5)]
fromList []
8336444448
3447444444
3406444566
3988894533
7755569584
5865558691
6486558021
8608669221
5287991111
1111111117

fromList [(0,0),(0,5),(0,7),(1,7),(3,1),(4,2),(6,3),(7,3),(9,0)]
fromList [(0,6),(1,6),(5,2)]
fromList [(4,1),(6,2)]
fromList [(3,0),(5,1),(7,2)]
fromList [(4,0),(6,1),(8,2)]
fromList [(5,0),(7,1),(8,3)]
fromList [(6,0),(8,1),(9,2)]
fromList [(7,0),(9,1)]
fromList [(8,0)]
fromList []
9447555559
4569655555
5750976677
7000009965
0000000007
9000000004
8800000653
9960000532
6400005322
2345543228

fromList [(0,8),(2,1),(2,7),(9,3),(9,4),(9,9)]
fromList [(1,2),(1,8)]
fromList [(0,3),(1,1),(2,2)]
fromList [(0,2),(2,0)]
fromList [(0,1),(1,0)]
fromList []
0670000000
6790000000
6874000000
8112350009
2211123439
0421111115
0031111764
0091111643
9721116433
3456654339

fromList []
4003111111
0004111111
0007111122
0644461130
4422234560
1532222237
1253222875
3403222754
0053227555
6777765450

fromList [(7,6)]
fromList [(7,7),(8,6)]
fromList [(6,8),(8,7),(9,5)]
fromList [(7,8),(9,6)]
fromList [(8,8)]
fromList [(9,7)]
fromList [(9,8)]
fromList [(8,9)]
fromList [(7,9)]
fromList [(6,9)]
fromList [(5,9)]
fromList [(4,9)]
fromList [(3,9)]
fromList [(2,9)]
fromList [(1,9)]
fromList [(2,8)]
fromList []
5114222222
1115222222
1118222233
1755572241
5533345671
2643333348
2364333986
4514333865
1164338666
7888876561

fromList [(0,9),(3,2),(3,8),(8,4),(8,5)]
fromList [(7,4)]
fromList [(7,5)]
fromList []
6225333333
2226333333
2229333344
2866683352
6644456793
3754445690
3475446000
5736458000
3509780000
9000000005

fromList [(1,3),(4,8),(5,3),(5,8),(6,4),(6,7)]
fromList [(2,3),(3,7),(4,3),(5,7),(6,5),(6,6)]
fromList [(1,4),(2,6),(3,3),(4,7),(5,4),(5,6)]
fromList [(0,4),(1,5),(1,7),(2,4),(3,6),(4,4),(4,6),(5,5)]
fromList [(2,5),(2,7),(3,4),(3,5),(4,5)]
fromList [(1,6),(1,8)]
fromList [(0,7)]
fromList []
7336444444
3348544444
3340544455
3988895684
7755569006
4865558003
4586558332
6858669111
5720991111
0222211116

fromList [(0,5),(0,6),(0,8),(3,1),(4,2),(6,3),(8,3)]
fromList [(2,2),(5,2),(7,3)]
fromList [(4,1),(6,2)]
fromList [(3,0),(5,1),(7,2)]
fromList [(4,0),(6,1),(8,2)]
fromList [(5,0),(7,1)]
fromList [(6,0)]
fromList []
8447555555
4459655555
5684976566
7000009895
0000000317
9000000414
9000000743
0000000422
9075005322
2444543227

fromList [(0,0),(2,1),(3,2),(7,0),(8,1),(9,2),(9,4)]
fromList [(1,2),(8,0),(9,1),(9,3)]
fromList [(0,3),(1,1),(9,0)]
fromList [(0,2),(2,0)]
fromList [(0,1),(1,0)]
fromList []
9570000976
5690000097
6809000009
8223350008
2211123749
0311111525
0311111854
3311111533
0286116433
4655654338

fromList [(2,8),(7,6),(9,9)]
fromList []
0003112000
0004212400
0050211250
0655561140
4422234870
1422222647
1422222965
4422222644
1397227544
5766765449

fromList [(1,9),(3,8),(7,4)]
fromList [(2,9),(3,9),(4,9),(7,5),(8,4)]
fromList [(8,5),(8,6),(9,5)]
fromList [(7,7),(9,6)]
fromList [(6,8),(8,7)]
fromList [(5,9),(7,8)]
fromList [(6,9),(8,8)]
fromList [(7,9),(9,7)]
fromList [(8,9),(9,8)]
fromList []
1114223111
1115323511
1161322361
1766672251
5533345981
2533334868
2533334086
5644334865
2509338666
6988876560

fromList []
2225334222
2226434622
2272433472
2877784583
6644458005
3644447000
3644447600
6766558000
4850880000
8000000004

fromList [(0,9),(1,3),(1,8),(4,8),(5,3),(5,8),(6,4),(6,7),(8,3)]
fromList [(1,7),(2,2),(2,3),(4,3),(5,7),(6,5),(6,6),(8,2)]
fromList [(0,7),(1,4),(2,7),(3,3),(4,7),(5,4),(5,6),(7,3),(7,6)]
fromList [(0,4),(0,8),(1,6),(2,4),(2,8),(3,7),(4,4),(5,5),(6,3)]
fromList [(1,5),(2,6),(3,4),(4,5),(4,6),(7,2)]
fromList [(2,5),(3,5),(3,6),(7,1)]
fromList [(6,2)]
fromList []
3336445333
3337545733
3383544583
3988895694
7755569116
4755558111
4755558711
7877669111
5961991111
9111111115

fromList [(0,5),(0,6),(3,1),(4,2),(5,2),(6,1)]
fromList [(3,2),(4,1),(5,1)]
fromList [(3,0),(6,0)]
fromList [(4,0),(5,0)]
fromList []
4447557554
4559669075
5708990006
7000000007
0000000748
9000000632
9000000032
0000000532
0007005322
0644443226

fromList [(2,1),(9,4)]
fromList [(1,2),(9,3)]
fromList [(0,3)]
fromList []
5570000865
5690000386
6830004217
8123432118
2211111859
0311111743
0311111143
2211111643
1118116433
1755554337

fromList [(0,2),(1,1),(2,0),(3,8),(7,0),(7,4),(8,1),(9,2)]
fromList [(0,1),(1,0),(7,5),(8,0),(8,4),(9,1)]
fromList [(0,0),(8,5),(9,0)]
fromList []
6792111976
7902111497
9062115339
0444543240
4422222980
1422222865
1422222254
3322222754
2229227544
2866665448

fromList [(1,9),(9,9)]
fromList [(2,9)]
fromList [(3,9)]
fromList [(4,9)]
fromList []
0004223000
0044223800
0483226570
2655655583
5533335003
2533335008
2533334586
4444433865
3340438655
3988876559

fromList [(2,2),(5,9),(6,8),(7,1),(7,7),(8,3),(8,6),(9,5)]
fromList [(6,9),(7,8),(8,2),(8,7),(9,6)]
fromList [(7,2),(7,6),(7,9),(8,8),(9,7)]
fromList [(6,2),(7,3),(8,9),(9,8)]
fromList [(6,3)]
fromList []
1115334111
1155334911
1594337681
3766766694
6644446114
3644446119
3644445697
5555544976
5684759777
5000097670

fromList [(1,3),(2,8),(4,8),(5,3),(5,8),(6,4),(6,7)]
fromList [(2,3),(4,3),(5,7),(6,5),(6,6)]
fromList [(1,2),(1,4),(3,3),(4,7),(5,4),(5,6)]
fromList [(0,4),(2,4),(3,2),(3,7),(4,4),(5,5)]
fromList [(1,5),(2,1),(3,4),(3,8),(4,5),(4,6)]
fromList [(2,5),(2,7),(3,1),(3,5),(3,6)]
fromList [(1,6),(1,8),(2,6),(4,2)]
fromList [(1,7),(5,2)]
fromList [(0,7),(6,1)]
fromList [(0,8)]
fromList []
2226446332
2377458053
2706460004
4988890007
7755569557
4755558460
4755558000
6666669000
6795990000
6111200004

fromList [(0,3),(0,5),(0,6),(0,9),(3,0),(4,1),(5,1)]
fromList [(4,0),(6,0)]
fromList [(5,0)]
fromList []
3459668543
4600990264
5080004215
9000005218
0000000868
9000000871
9000000411
0000000311
0000004211
9555632115

fromList [(2,2),(7,4),(7,5),(9,3),(9,4)]
fromList [(8,4),(8,5)]
fromList []
4570000754
5724004475
7292336326
0211116329
3311111979
0311111982
0311111522
2211111422
2211115322
0766743226

fromList [(1,1)]
fromList [(0,2),(2,0)]
fromList []
5681111865
6946115586
8404447448
1433228670
4422224000
1422224006
1422223854
3322222533
3322226433
1877854337

fromList [(0,1),(1,0),(1,9),(4,9),(6,3),(7,0),(7,6),(8,1),(9,2)]
fromList [(0,0),(2,9),(3,9),(6,2),(8,0),(8,3),(9,1)]
fromList [(7,1),(7,2),(7,3),(8,2),(9,0)]
fromList [(6,1)]
fromList []
7903222976
9078226697
0725558559
3644339781
5533335111
2533335117
2533334965
4433333644
4433337544
2988965448

fromList [(1,2),(2,1),(3,1),(5,2),(9,9)]
fromList []
0024346000
0499350000
2936690000
4755460005
6644458543
3644447338
3644446086
5544445865
6777658655
4000086559

fromList [(1,3),(3,2),(4,2),(5,9),(6,4),(6,8),(7,7),(8,6),(9,5)]
fromList [(2,2),(2,3),(5,3),(6,5),(6,9),(7,8),(8,7),(9,6)]
fromList [(1,4),(3,3),(4,3),(5,4),(5,8),(6,6),(6,7),(7,9),(8,8),(9,7)]
fromList [(0,4),(2,4),(4,4),(4,8),(5,5),(5,7),(8,9),(9,8)]
fromList [(0,3),(1,5),(3,4),(3,8),(5,6)]
fromList [(2,5),(2,8),(4,5),(4,7)]
fromList [(1,6),(1,8),(3,5),(3,7),(4,6)]
fromList [(1,7),(2,6),(2,7),(3,6)]
fromList [(0,7),(0,8)]
fromList []
1257557111
2700672111
4079902111
6976682116
7755569654
4755558449
4755557197
6655556976
7888769777
5111197670

fromList [(0,5),(0,6),(1,1),(4,1),(5,1),(7,4),(7,5)]
fromList [(3,0),(6,0),(7,6),(8,4),(8,5)]
fromList [(4,0),(5,0)]
fromList []
2368668222
3934993222
7500044222
0000006327
0000000976
9000000980
9000000800
0000000000
0000000000
8555600004

fromList [(0,2),(0,9),(2,0),(9,3),(9,4)]
fromList [(3,1)]
fromList []
4590000433
5068007433
9722376333
1111118659
2211113009
0311114003
0311113042
2211112221
1111111111
9666711115

fromList [(1,2),(2,1),(6,3)]
fromList [(5,2)]
fromList [(6,1),(6,2)]
fromList [(7,3)]
fromList [(8,3)]
fromList [(7,2)]
fromList []
5703211544
7390218544
0944587455
3322229780
3322224130
1422225125
1422224153
3322223332
3322222222
0877822226

fromList [(0,1),(1,0),(1,9),(4,9),(7,1),(8,2)]
fromList [(2,9),(3,9)]
fromList []
6925333755
9602450965
2076700097
5543460002
4433347562
2533336236
2533335264
4433334443
4433333333
1988933337

fromList [(0,0),(1,1),(7,0),(8,1),(9,2)]
fromList [(2,2),(8,0),(9,1)]
fromList [(9,0)]
fromList []
9046445976
0923562097
4287812309
6654571224
5544458673
3644447347
3644446375
5544445554
6777654444
3000054448

fromList [(3,2),(4,2),(6,4),(9,9)]
fromList [(5,3),(6,5)]
fromList [(4,3),(5,4),(7,4)]
fromList [(3,3),(8,4)]
fromList [(2,3),(4,4),(9,5)]
fromList [(1,3),(3,4),(5,5),(8,6)]
fromList [(2,4),(4,5),(6,6),(7,5),(8,5)]
fromList [(1,4),(3,5),(5,6),(7,6),(9,6)]
fromList [(0,3),(1,5),(2,5),(4,6),(6,7),(7,7),(8,7)]
fromList [(0,4),(1,6),(3,6),(5,7)]
fromList [(2,6),(4,7)]
fromList [(3,7),(3,8),(4,8),(5,8)]
fromList [(2,7),(2,8),(6,8)]
fromList [(1,7),(1,8),(5,9),(7,8)]
fromList [(0,7),(0,8),(6,9),(8,8)]
fromList [(7,9),(9,7)]
fromList [(8,9),(9,8)]
fromList []
0367557000
3055674400
6509923540
7876682346
6655569784
4755558458
4755557486
6655556665
7888765555
4111165559

fromList [(0,2),(0,5),(0,6),(1,2),(4,1),(5,1)]
fromList [(3,0),(3,1),(6,0)]
fromList [(2,0),(2,1),(4,0),(5,0)]
fromList []
1478668111
4178995511
9950065651
0000007778
0000000008
9000000000
9000000000
0000000000
0000000000
7555600000

fromList [(2,2),(5,2),(6,1),(9,3),(9,4)]
fromList [(6,2),(6,3),(8,3)]
fromList [(7,1),(7,2),(7,3)]
fromList [(8,2)]
fromList []
2700000322
7600009722
0094497762
3321118889
2211111119
0311111111
0311111111
2211111111
1111111111
8666711111

fromList [(0,9)]
fromList []
3811123643
8822240064
1206600006
4543350000
3322234560
1422222233
1422222222
3322222222
2222222222
9777822222

fromList [(0,1),(1,0),(1,1),(1,9),(4,9)]
fromList [(2,9),(3,9)]
fromList []
4922234754
9933351175
2317711117
5654461111
4433345671
2533333344
2533333333
4433333333
4433333333
0988933333

fromList []
8053345865
0064462286
5638822228
6765572222
5544456782
3644444455
3644444444
5544444444
6777654444
2000054444

fromList [(0,0),(3,2),(4,2),(7,0),(8,1),(8,4),(9,2)]
fromList [(5,3),(7,4),(8,0),(9,1)]
fromList [(4,3),(6,4),(9,0)]
fromList [(3,3),(5,4)]
fromList [(2,3),(4,4)]
fromList [(1,3),(3,4)]
fromList [(1,2),(2,4)]
fromList [(0,3),(1,4),(2,1),(2,2)]
fromList [(0,2),(0,4),(1,5),(3,1)]
fromList [(2,5)]
fromList [(1,6),(3,5)]
fromList [(2,6),(4,5)]
fromList [(3,6),(5,5)]
fromList [(4,6),(6,5)]
fromList [(5,6),(7,5)]
fromList [(6,6),(8,5)]
fromList [(7,6)]
fromList []
9164456976
1175573397
6749933339
7876683333
6655567893
4755555566
4755555555
6655555555
7888765555
3111165555

fromList [(0,5),(1,7),(1,8),(2,0),(2,7),(2,8),(3,7),(3,8),(4,1),(4,7),(5,1),(5,7),(6,7),(8,6),(9,5)]
fromList [(0,6),(0,7),(0,8),(3,0),(4,8),(5,2),(5,8),(6,0),(7,7),(9,6)]
fromList [(4,0),(5,0),(5,9),(6,3),(6,8),(8,7)]
fromList [(6,1),(6,9),(7,8),(9,7)]
fromList [(6,2),(7,1),(7,9),(8,8)]
fromList [(7,2),(7,3),(8,9),(9,8)]
fromList [(8,2),(8,3),(9,9)]
fromList []
0497668000
5700995700
0000075570
0000008776
0000000006
9000000009
7000000097
8999999876
8999876666
4222276666

fromList [(1,1),(9,3),(9,4)]
fromList []
1600000421
6935000042
1112400003
1111240009
2211123449
0311111240
0644444500
0000000000
0000000000
7666700000

fromList []
3821111532
8056111153
3333511125
2222351130
3322234570
1422222362
1755555611
1111111111
1111111111
8777811111

fromList [(0,1),(0,9),(1,0),(4,9)]
fromList [(1,9),(3,9)]
fromList [(2,9)]
fromList []
4932222643
9167222264
4444622236
3333462241
4433345681
2533333473
2866666722
2222222222
2222222222
9888922222

fromList [(1,6),(8,4)]
fromList [(8,5)]
fromList [(7,4),(7,6)]
fromList [(7,5)]
fromList [(6,6)]
fromList []
7053333754
0488333375
6655733347
4444573352
5544456792
3644444584
3977777833
3333333333
5666543333
0000043333

fromList [(2,1),(2,6),(3,1),(5,6),(6,4),(6,5)]
fromList [(1,5),(3,6),(4,2),(4,6),(5,3),(5,5)]
fromList [(2,5),(3,2),(4,5),(5,4)]
fromList [(2,2),(3,5),(4,3),(4,4)]
fromList [(1,2),(3,3),(3,4)]
fromList [(2,3),(2,4)]
fromList [(1,3),(1,4)]
fromList [(0,2),(0,4)]
fromList [(0,3),(1,1)]
fromList [(0,0),(2,0)]
fromList []
8164444865
1599444486
7766844458
5555685684
6655569005
5865569007
5098890075
5554456654
6777654444
1111154444

fromList [(0,5),(6,3),(7,0),(8,1),(8,3),(9,2)]
fromList [(5,2),(7,3),(8,0),(8,2),(9,1)]
fromList [(4,1),(6,2),(7,1),(7,2),(9,0)]
fromList [(3,0),(5,1),(6,1)]
fromList [(4,0),(6,0)]
fromList [(5,0)]
fromList []
0608655976
6000865597
0000086569
0000009895
0000000316
9000000318
7400004286
6788888765
7888765555
2222265555

fromList [(0,6),(1,8),(2,7),(2,8),(3,7),(3,8),(4,7),(5,7),(6,7),(8,6),(9,3),(9,5)]
fromList [(0,7),(0,8),(1,7),(4,8),(5,8),(7,7),(9,4),(9,6)]
fromList [(1,6),(5,9),(6,8),(8,7)]
fromList [(6,9),(7,8),(9,7)]
fromList [(7,9),(8,8)]
fromList [(8,9),(9,8)]
fromList [(9,9)]
fromList []
1720000000
7124000000
1112400000
1111240009
2211123748
0211111429
9611115397
7899999876
8999876666
3333376666

fromList [(6,6)]
fromList [(7,6)]
fromList []
2831111111
8235111111
2223511122
2222351130
3322234880
3532222670
0065559800
0000000000
0000000000
6777800000

fromList [(0,1),(1,0),(4,9),(7,4),(7,5),(8,4),(8,5)]
fromList [(3,9)]
fromList [(2,9)]
fromList [(1,9)]
fromList []
3942222222
9346222222
3334622233
3333462241
4433345991
4643345991
1176670021
1111123321
1111111111
7888911111

fromList [(0,9)]
fromList []
6063333333
0667333333
5545733344
4444574573
5544458004
5754458004
2287782353
2222234432
3455432222
9000032222

fromList [(2,6),(5,6),(6,4),(6,5)]
fromList [(1,5),(3,6),(4,6),(5,3),(5,5)]
fromList [(2,5),(4,2),(4,5),(5,4)]
fromList [(3,1),(3,5),(4,3),(4,4)]
fromList [(3,2),(3,4)]
fromList [(2,1),(2,4),(3,3)]
fromList [(1,4),(2,0),(2,2),(2,3)]
fromList [(1,1),(1,2),(1,3)]
fromList [(0,2),(0,4)]
fromList [(0,3),(0,5)]
fromList []
7174444444
1778444444
6656844455
5555685684
6655569115
6865569115
3398893464
3333345543
5666543333
0211143333

fromList [(0,0),(6,3),(8,3)]
fromList [(5,2),(7,3)]
fromList [(4,1),(6,2)]
fromList [(3,0),(5,1),(7,2)]
fromList [(4,0),(6,1),(8,2)]
fromList [(5,0),(7,1)]
fromList [(6,0)]
fromList []
9508655555
5000865555
0000086566
0000009895
0000000426
0000000426
6800007675
4567777654
6777654444
1322254444

fromList [(1,6),(7,0),(8,1),(9,2)]
fromList [(8,0),(9,1),(9,3)]
fromList [(9,0),(9,4)]
fromList []
0720000976
7224000097
1112400009
1111240008
1111123858
1111111537
7911118786
5678888765
7888765555
2433365555

fromList [(0,6),(1,8),(2,7),(2,8),(3,7),(3,8),(4,7),(5,7),(6,6),(6,7),(7,4),(8,6),(9,5)]
fromList [(0,7),(0,8),(1,7),(4,8),(5,8),(7,5),(7,6),(7,7),(8,4),(9,6)]
fromList [(5,9),(6,8),(8,5),(8,7)]
fromList [(6,9),(7,8),(9,7)]
fromList [(7,9),(8,8)]
fromList [(8,9),(9,8)]
fromList [(9,9)]
fromList []
1831112000
8335112400
2223511250
2222351140
2222234980
3332222659
9032229897
7899999876
8999876666
3544476666

fromList [(0,1),(1,0),(1,9),(4,9)]
fromList [(2,9),(3,9)]
fromList []
2942223111
9446223511
3334622361
3333463472
3333347004
5543347000
0576670000
0000000000
0000000000
6988900000

fromList []
5063334222
0767334622
5545733472
4444574583
4444458115
6654458111
1687781111
1111111111
2344321111
8000021111

fromList [(0,9),(2,6),(5,6),(6,4),(6,5),(8,3)]
fromList [(3,6),(4,6),(5,3),(5,5),(8,2)]
fromList [(4,2),(4,5),(5,4),(7,3)]
fromList [(3,1),(3,5),(4,3),(4,4),(6,3)]
fromList [(2,5),(3,2),(3,4),(7,2)]
fromList [(1,5),(1,6),(2,1),(3,3),(7,1)]
fromList [(0,5),(1,1),(2,0),(2,2),(2,4),(6,2)]
fromList [(1,2),(1,4),(2,3),(5,2)]
fromList [(1,3),(6,1)]
fromList [(0,2),(0,4)]
fromList [(0,3)]
fromList []
6174445333
1878445733
6656844583
5555685694
5555569226
7765569222
2798892222
2222222222
3455432222
9111132222

fromList [(4,1),(5,1)]
fromList [(3,0),(6,0)]
fromList [(4,0),(5,0)]
fromList []
8508668654
5000990075
0000000006
0000000007
0000000858
0000000533
6000006433
4566654333
5666543333
0322243333

fromList [(0,0),(7,4),(9,4)]
fromList [(9,3)]
fromList [(8,4)]
fromList []
9620000865
6124004286
1112332117
1111111118
1111111969
1111111644
7111117544
5677765444
6777654444
1433354444

fromList [(7,0),(7,5),(8,1),(9,2)]
fromList [(6,6),(8,0),(8,5),(9,1)]
fromList [(7,6),(9,0)]
fromList []
0831111976
8335115397
2223443239
2222223460
2222223000
2222223987
8222228655
6788876555
7888765555
2544465555

fromList [(0,1),(0,6),(1,0),(1,8),(2,7),(2,8),(3,7),(3,8),(4,7),(5,7),(6,7),(8,6),(9,5)]
fromList [(0,7),(0,8),(1,7),(4,8),(5,8),(7,7),(9,6)]
fromList [(1,9),(5,9),(6,8),(8,7)]
fromList [(2,9),(4,9),(6,9),(7,8),(9,7)]
fromList [(3,9),(7,9),(8,8)]
fromList [(8,9),(9,8)]
fromList [(9,9)]
fromList []
1942223000
9446227700
3334554470
3333334582
3333335332
3333347009
9333340097
7899999876
8999876666
3655576666

fromList [(8,3)]
fromList [(8,2)]
fromList [(7,1)]
fromList [(6,1)]
fromList [(7,2)]
fromList [(7,3)]
fromList [(6,2)]
fromList []
4063334111
0767338811
5545665581
4444445693
4444446454
5544458240
0877784500
0000000000
0000000000
7000000000

fromList [(1,6),(5,2),(5,6),(6,3),(6,5)]
fromList [(2,6),(4,6),(6,4),(7,4)]
fromList [(3,6),(5,3),(5,5),(8,4)]
fromList [(4,2),(4,5),(5,4)]
fromList [(3,1),(3,5),(4,3),(4,4)]
fromList [(2,5),(3,2),(3,4)]
fromList [(1,5),(2,1),(3,3)]
fromList [(1,1),(2,0),(2,2),(2,4)]
fromList [(1,2),(2,3)]
fromList [(1,3),(1,4)]
fromList [(0,2),(0,5)]
fromList [(0,3),(0,4)]
fromList []
5174457432
1878460053
6656790004
5555569006
5555558786
6655569351
1988895611
1111111111
1111111111
8111111111

fromList [(0,9),(4,1),(5,1),(6,6)]
fromList [(3,0),(6,0),(7,5),(7,6)]
fromList [(4,0),(5,0),(8,5)]
fromList [(9,4)]
fromList [(9,3)]
fromList []
7508668543
5000992164
0000004215
0000000538
0000000008
0000000883
5000009822
3455543222
2222222222
9222222222

fromList []
8620000754
6124006375
1112336337
1111111660
1111112350
1111124006
6111120064
4566666543
4433333333
0433333333

fromList [(0,0)]
fromList []
9731111865
7235117486
2223447448
2222222771
2222223461
2222235117
7222231175
5677777654
5544444444
1544444444

fromList [(0,1),(1,0),(7,0),(8,1),(9,2)]
fromList [(6,1),(8,0),(8,3),(9,1)]
fromList [(6,2),(7,1),(7,3),(8,2),(9,0)]
fromList [(7,2),(8,4)]
fromList [(9,5)]
fromList [(8,6)]
fromList []
0942222976
9446228597
3334558559
3333333882
3333334572
3333346228
8333342286
6788888765
6655555555
2655555555

fromList [(0,6),(2,7),(3,7),(4,7),(5,7),(6,7),(7,4),(7,7),(9,6)]
fromList [(1,7),(3,8),(4,8),(5,8),(6,8),(8,7)]
fromList [(0,7),(1,8),(2,8),(4,9),(5,9),(7,8),(9,7)]
fromList [(0,8),(1,9),(2,9),(3,9),(6,9),(8,8)]
fromList [(7,9),(9,8)]
fromList [(8,9)]
fromList [(9,9)]
fromList []
3063346000
0767350000
5545680000
4444457007
4444446906
4444457560
9444453409
7899999987
7766666666
3766666666

fromList [(1,6),(5,2),(5,6),(6,3),(6,5),(8,5)]
fromList [(2,6),(4,6),(6,4),(6,6),(7,5),(7,6)]
fromList [(3,6),(5,3),(5,5)]
fromList [(4,2),(4,5),(5,4)]
fromList [(3,1),(3,5),(4,3),(4,4)]
fromList [(2,5),(3,2),(3,4)]
fromList [(1,5),(2,1),(3,3)]
fromList [(1,1),(2,0),(2,2),(2,4)]
fromList [(1,2),(2,3)]
fromList [(1,3),(1,4)]
fromList [(0,2),(0,5)]
fromList [(0,3),(0,4)]
fromList []
4174457111
1878461111
6656791111
5555569228
5555558027
6655569792
0988897850
0000000000
0000000000
7000000000

fromList [(4,1),(5,1),(8,6),(9,3),(9,4)]
fromList [(3,0),(6,0)]
fromList [(4,0),(5,0)]
fromList []
6508668222
5000993222
0000005322
0000000539
0000000659
0000000004
4000000092
2344444321
1111111111
8111111111

fromList [(0,9)]
fromList []
fromList []
fromList [(0,9),(1,2),(1,4),(1,6),(2,5),(2,7),(3,2),(3,9),(4,4),(5,5),(5,8),(7,1),(7,2),(7,4),(7,6),(7,7),(7,8),(8,1)]
fromList [(1,3),(2,3),(2,6),(3,4),(3,7),(4,5),(6,7),(6,9),(8,2),(8,3),(8,5),(8,8)]
fromList [(0,4),(2,4),(2,8),(3,5),(3,6),(3,8),(9,5)]
fromList [(4,8),(4,9),(9,4)]
fromList [(5,9),(9,3)]
fromList [(6,8),(8,4)]
fromList [(5,7),(7,3)]
fromList [(4,6),(4,7),(6,4)]
fromList [(6,5),(7,5)]
fromList [(5,4),(5,6),(6,6),(8,6)]
fromList []
fromList [(0,6),(1,5),(1,7),(1,9),(2,2),(3,3),(4,1),(4,3),(6,1),(6,3),(9,2)]
fromList [(0,5),(0,7),(1,8),(3,1),(4,2),(5,0),(5,2),(6,0),(6,2)]
fromList [(0,8),(2,1),(2,9),(5,1),(5,3),(7,0)]
fromList [(3,0)]
fromList [(4,0)]
fromList []
fromList [(1,0),(8,0),(8,7),(9,8)]
fromList [(2,0),(8,9)]
fromList [(1,1),(7,9)]
fromList []
fromList [(0,2),(0,3),(3,2),(9,1),(9,6),(9,7)]
fromList [(0,1)]
fromList [(0,0)]
fromList []
fromList [(1,2),(9,0),(9,9)]
fromList [(8,8)]
fromList []
fromList [(1,6),(7,1),(8,1)]
fromList [(7,2)]
fromList [(8,2)]
fromList []
fromList [(1,3),(2,1),(2,3),(2,8),(7,3),(7,8)]
fromList [(0,4),(1,4),(2,2),(2,4),(2,7),(8,3)]
fromList [(1,1),(2,5),(2,6),(3,4)]
fromList [(1,5),(3,3),(3,5),(4,4)]
fromList [(3,6),(5,4)]
fromList [(3,7),(4,3),(4,5),(6,4)]
fromList [(3,8),(4,6),(5,5),(7,4)]
fromList [(4,7),(6,3),(6,5)]
fromList [(5,3),(5,6)]
fromList [(6,2)]
fromList []
fromList [(0,5),(0,9),(1,7),(3,1),(3,9),(4,2),(4,8),(5,2),(5,7),(6,6),(7,5),(7,7),(8,4),(8,6),(9,2),(9,3)]
fromList [(0,6),(1,8),(3,2),(4,1),(4,9),(5,8),(6,1),(6,7),(6,8),(7,6),(8,5),(8,7),(9,4),(9,5)]
fromList [(0,7),(2,9),(3,0),(5,1),(5,9),(6,9),(7,0)]
fromList [(0,8),(1,6),(1,9),(4,0),(6,0),(8,0)]
fromList [(5,0)]
fromList []
fromList [(1,0),(2,0),(7,9),(9,1),(9,8)]
fromList [(8,9)]
fromList [(8,8)]
fromList [(7,8),(9,7)]
fromList [(9,6)]
fromList []
fromList [(0,3),(1,2)]
fromList [(0,1),(0,2)]
fromList []
fromList [(0,0),(2,1),(7,1),(7,2),(8,2)]
fromList [(1,1),(8,1),(8,3)]
fromList [(9,0)]
fromList []
fromList [(2,2),(2,8),(6,2),(9,9)]
fromList [(3,8),(7,3)]
fromList [(2,7),(7,4)]
fromList [(6,3)]
fromList []
fromList [(1,3),(3,7),(4,7),(5,3),(6,4),(6,5),(8,7)]
fromList [(2,3),(2,6),(4,3),(5,4),(5,6)]
fromList [(1,4),(1,5),(3,3),(3,6),(4,6),(5,5)]
fromList [(0,4),(2,4),(2,5),(3,2),(4,4),(4,5)]
fromList [(3,4),(3,5)]
fromList []
fromList [(1,6),(3,1),(4,2),(5,2),(8,0),(9,2)]
fromList [(0,5),(1,7),(4,1),(6,1),(9,1)]
fromList [(0,6),(3,0),(5,1),(7,0)]
fromList [(4,0),(6,0)]
fromList [(5,0)]
fromList []
fromList [(0,7),(1,0),(1,2),(1,8),(2,0),(4,8),(5,7),(6,6),(7,5),(7,7),(8,4),(8,6),(9,3)]
fromList [(0,8),(2,1),(2,9),(3,9),(5,8),(6,7),(6,8),(7,6),(8,5),(9,4),(9,5)]
fromList [(1,9),(2,2),(4,9),(5,9),(6,9),(7,8),(8,3),(9,6)]
fromList [(0,9),(1,1),(8,8)]
fromList [(0,1),(7,9),(9,7)]
fromList [(0,2),(8,9),(9,8)]
fromList [(0,3),(8,7)]
fromList []
fromList [(2,7),(2,8),(3,8),(7,1),(7,2),(7,4),(8,2)]
fromList [(6,2),(6,3),(7,3),(8,1)]
fromList []
fromList []
fromList [(0,0),(3,2),(9,0)]
fromList []
fromList [(1,3),(1,7),(3,7),(4,7),(5,3),(6,4),(6,5),(9,9)]
fromList [(2,3),(2,6),(4,3),(5,4),(5,6)]
fromList [(1,4),(1,5),(3,3),(3,6),(4,6),(5,5)]
fromList [(0,4),(1,6),(2,4),(2,5),(4,4),(4,5)]
fromList [(3,4),(3,5)]
fromList []
fromList [(0,5),(0,6),(3,1),(4,2),(5,2),(9,2)]
fromList [(2,2),(4,1),(6,1),(8,3),(9,1)]
fromList [(3,0),(5,1),(8,0)]
fromList [(4,0),(7,0)]
fromList [(5,0),(6,0)]
fromList []
fromList [(2,1),(2,7),(3,2),(8,1)]
fromList [(1,2),(1,8),(7,1)]
fromList [(0,3),(0,7),(1,1),(6,2),(8,2)]
fromList [(0,2),(2,0),(6,3),(7,2),(9,3)]
fromList [(0,1),(1,0),(7,3),(8,4)]
fromList [(7,4),(7,5)]
fromList [(6,6),(8,5)]
fromList [(5,7),(7,6),(9,4)]
fromList [(4,8),(6,7)]
fromList [(5,8)]
fromList []
fromList [(0,8),(2,8),(2,9),(3,8),(3,9),(4,9),(6,8),(7,7),(8,6),(9,5)]
fromList [(1,9),(5,9),(7,8),(8,7),(9,6)]
fromList [(0,9),(6,9),(8,8),(9,7)]
fromList [(7,9),(8,9),(9,8)]
fromList []
fromList [(1,7),(8,3)]
fromList []
fromList [(1,6)]
fromList []
fromList [(0,0),(1,3),(1,8),(3,7),(4,7),(5,3),(6,4),(6,5),(9,0)]
fromList [(2,2),(2,3),(2,6),(2,7),(4,3),(4,8),(5,4),(5,6)]
fromList [(1,4),(1,5),(3,3),(3,6),(4,6),(5,5),(5,8)]
fromList [(0,4),(2,4),(2,5),(4,4),(4,5),(5,7)]
fromList [(3,4),(3,5),(6,7)]
fromList [(6,6)]
fromList [(7,6)]
fromList []
fromList [(0,5),(0,6),(3,1),(4,2),(5,2),(7,5),(9,2),(9,9)]
fromList [(0,7),(3,2),(4,1),(6,1),(8,5),(9,1)]
fromList [(3,0),(5,1),(7,4),(8,0)]
fromList [(4,0),(6,3),(7,0),(8,4)]
fromList [(5,0),(6,0),(6,2),(7,3),(8,1)]
fromList [(7,1),(7,2),(8,2)]
fromList []
fromList [(1,6),(1,7),(2,1),(8,3),(9,3),(9,4)]
fromList [(1,2),(2,8)]
fromList [(0,3),(1,1),(3,8)]
fromList [(0,2),(2,0)]
fromList [(0,1),(1,0)]
fromList []
fromList [(0,8)]
fromList []
fromList [(1,9),(2,9),(3,9),(4,9),(6,8),(7,7),(8,6),(9,5)]
fromList [(0,9),(1,8),(5,9),(7,8),(8,7),(9,6)]
fromList [(6,9),(8,8),(9,7)]
fromList [(7,9),(8,9),(9,8)]
fromList []
fromList [(2,2),(2,7),(7,6)]
fromList []
fromList [(1,3),(4,8),(5,3),(5,8),(6,4),(6,7),(8,5)]
fromList [(2,3),(3,7),(4,3),(5,7),(6,5),(6,6),(8,4)]
fromList [(1,4),(2,6),(2,8),(3,3),(3,8),(4,7),(5,4),(5,6),(7,4),(7,5)]
fromList [(0,4),(1,5),(2,4),(3,2),(3,6),(4,4),(4,6),(5,5)]
fromList [(2,5),(3,4),(3,5),(4,5)]
fromList []
fromList [(0,0),(0,5),(0,7),(1,7),(3,1),(4,2),(6,3),(7,3),(9,0)]
fromList [(0,6),(1,6),(5,2)]
fromList [(4,1),(6,2)]
fromList [(3,0),(5,1),(7,2)]
fromList [(4,0),(6,1),(8,2)]
fromList [(5,0),(7,1),(8,3)]
fromList [(6,0),(8,1),(9,2)]
fromList [(7,0),(9,1)]
fromList [(8,0)]
fromList []
fromList [(0,8),(2,1),(2,7),(9,3),(9,4),(9,9)]
fromList [(1,2),(1,8)]
fromList [(0,3),(1,1),(2,2)]
fromList [(0,2),(2,0)]
fromList [(0,1),(1,0)]
fromList []
fromList []
fromList [(7,6)]
fromList [(7,7),(8,6)]
fromList [(6,8),(8,7),(9,5)]
fromList [(7,8),(9,6)]
fromList [(8,8)]
fromList [(9,7)]
fromList [(9,8)]
fromList [(8,9)]
fromList [(7,9)]
fromList [(6,9)]
fromList [(5,9)]
fromList [(4,9)]
fromList [(3,9)]
fromList [(2,9)]
fromList [(1,9)]
fromList [(2,8)]
fromList []
fromList [(0,9),(3,2),(3,8),(8,4),(8,5)]
fromList [(7,4)]
fromList [(7,5)]
fromList []
fromList [(1,3),(4,8),(5,3),(5,8),(6,4),(6,7)]
fromList [(2,3),(3,7),(4,3),(5,7),(6,5),(6,6)]
fromList [(1,4),(2,6),(3,3),(4,7),(5,4),(5,6)]
fromList [(0,4),(1,5),(1,7),(2,4),(3,6),(4,4),(4,6),(5,5)]
fromList [(2,5),(2,7),(3,4),(3,5),(4,5)]
fromList [(1,6),(1,8)]
fromList [(0,7)]
fromList []
fromList [(0,5),(0,6),(0,8),(3,1),(4,2),(6,3),(8,3)]
fromList [(2,2),(5,2),(7,3)]
fromList [(4,1),(6,2)]
fromList [(3,0),(5,1),(7,2)]
fromList [(4,0),(6,1),(8,2)]
fromList [(5,0),(7,1)]
fromList [(6,0)]
fromList []
fromList [(0,0),(2,1),(3,2),(7,0),(8,1),(9,2),(9,4)]
fromList [(1,2),(8,0),(9,1),(9,3)]
fromList [(0,3),(1,1),(9,0)]
fromList [(0,2),(2,0)]
fromList [(0,1),(1,0)]
fromList []
fromList [(2,8),(7,6),(9,9)]
fromList []
fromList [(1,9),(3,8),(7,4)]
fromList [(2,9),(3,9),(4,9),(7,5),(8,4)]
fromList [(8,5),(8,6),(9,5)]
fromList [(7,7),(9,6)]
fromList [(6,8),(8,7)]
fromList [(5,9),(7,8)]
fromList [(6,9),(8,8)]
fromList [(7,9),(9,7)]
fromList [(8,9),(9,8)]
fromList []
fromList []
fromList [(0,9),(1,3),(1,8),(4,8),(5,3),(5,8),(6,4),(6,7),(8,3)]
fromList [(1,7),(2,2),(2,3),(4,3),(5,7),(6,5),(6,6),(8,2)]
fromList [(0,7),(1,4),(2,7),(3,3),(4,7),(5,4),(5,6),(7,3),(7,6)]
fromList [(0,4),(0,8),(1,6),(2,4),(2,8),(3,7),(4,4),(5,5),(6,3)]
fromList [(1,5),(2,6),(3,4),(4,5),(4,6),(7,2)]
fromList [(2,5),(3,5),(3,6),(7,1)]
fromList [(6,2)]
fromList []
fromList [(0,5),(0,6),(3,1),(4,2),(5,2),(6,1)]
fromList [(3,2),(4,1),(5,1)]
fromList [(3,0),(6,0)]
fromList [(4,0),(5,0)]
fromList []
fromList [(2,1),(9,4)]
fromList [(1,2),(9,3)]
fromList [(0,3)]
fromList []
fromList [(0,2),(1,1),(2,0),(3,8),(7,0),(7,4),(8,1),(9,2)]
fromList [(0,1),(1,0),(7,5),(8,0),(8,4),(9,1)]
fromList [(0,0),(8,5),(9,0)]
fromList []
fromList [(1,9),(9,9)]
fromList [(2,9)]
fromList [(3,9)]
fromList [(4,9)]
fromList []
fromList [(2,2),(5,9),(6,8),(7,1),(7,7),(8,3),(8,6),(9,5)]
fromList [(6,9),(7,8),(8,2),(8,7),(9,6)]
fromList [(7,2),(7,6),(7,9),(8,8),(9,7)]
fromList [(6,2),(7,3),(8,9),(9,8)]
fromList [(6,3)]
fromList []
fromList [(1,3),(2,8),(4,8),(5,3),(5,8),(6,4),(6,7)]
fromList [(2,3),(4,3),(5,7),(6,5),(6,6)]
fromList [(1,2),(1,4),(3,3),(4,7),(5,4),(5,6)]
fromList [(0,4),(2,4),(3,2),(3,7),(4,4),(5,5)]
fromList [(1,5),(2,1),(3,4),(3,8),(4,5),(4,6)]
fromList [(2,5),(2,7),(3,1),(3,5),(3,6)]
fromList [(1,6),(1,8),(2,6),(4,2)]
fromList [(1,7),(5,2)]
fromList [(0,7),(6,1)]
fromList [(0,8)]
fromList []
fromList [(0,3),(0,5),(0,6),(0,9),(3,0),(4,1),(5,1)]
fromList [(4,0),(6,0)]
fromList [(5,0)]
fromList []
fromList [(2,2),(7,4),(7,5),(9,3),(9,4)]
fromList [(8,4),(8,5)]
fromList []
fromList [(1,1)]
fromList [(0,2),(2,0)]
fromList []
fromList [(0,1),(1,0),(1,9),(4,9),(6,3),(7,0),(7,6),(8,1),(9,2)]
fromList [(0,0),(2,9),(3,9),(6,2),(8,0),(8,3),(9,1)]
fromList [(7,1),(7,2),(7,3),(8,2),(9,0)]
fromList [(6,1)]
fromList []
fromList [(1,2),(2,1),(3,1),(5,2),(9,9)]
fromList []
fromList [(1,3),(3,2),(4,2),(5,9),(6,4),(6,8),(7,7),(8,6),(9,5)]
fromList [(2,2),(2,3),(5,3),(6,5),(6,9),(7,8),(8,7),(9,6)]
fromList [(1,4),(3,3),(4,3),(5,4),(5,8),(6,6),(6,7),(7,9),(8,8),(9,7)]
fromList [(0,4),(2,4),(4,4),(4,8),(5,5),(5,7),(8,9),(9,8)]
fromList [(0,3),(1,5),(3,4),(3,8),(5,6)]
fromList [(2,5),(2,8),(4,5),(4,7)]
fromList [(1,6),(1,8),(3,5),(3,7),(4,6)]
fromList [(1,7),(2,6),(2,7),(3,6)]
fromList [(0,7),(0,8)]
fromList []
fromList [(0,5),(0,6),(1,1),(4,1),(5,1),(7,4),(7,5)]
fromList [(3,0),(6,0),(7,6),(8,4),(8,5)]
fromList [(4,0),(5,0)]
fromList []
fromList [(0,2),(0,9),(2,0),(9,3),(9,4)]
fromList [(3,1)]
fromList []
fromList [(1,2),(2,1),(6,3)]
fromList [(5,2)]
fromList [(6,1),(6,2)]
fromList [(7,3)]
fromList [(8,3)]
fromList [(7,2)]
fromList []
fromList [(0,1),(1,0),(1,9),(4,9),(7,1),(8,2)]
fromList [(2,9),(3,9)]
fromList []
fromList [(0,0),(1,1),(7,0),(8,1),(9,2)]
fromList [(2,2),(8,0),(9,1)]
fromList [(9,0)]
fromList []
fromList [(3,2),(4,2),(6,4),(9,9)]
fromList [(5,3),(6,5)]
fromList [(4,3),(5,4),(7,4)]
fromList [(3,3),(8,4)]
fromList [(2,3),(4,4),(9,5)]
fromList [(1,3),(3,4),(5,5),(8,6)]
fromList [(2,4),(4,5),(6,6),(7,5),(8,5)]
fromList [(1,4),(3,5),(5,6),(7,6),(9,6)]
fromList [(0,3),(1,5),(2,5),(4,6),(6,7),(7,7),(8,7)]
fromList [(0,4),(1,6),(3,6),(5,7)]
fromList [(2,6),(4,7)]
fromList [(3,7),(3,8),(4,8),(5,8)]
fromList [(2,7),(2,8),(6,8)]
fromList [(1,7),(1,8),(5,9),(7,8)]
fromList [(0,7),(0,8),(6,9),(8,8)]
fromList [(7,9),(9,7)]
fromList [(8,9),(9,8)]
fromList []
fromList [(0,2),(0,5),(0,6),(1,2),(4,1),(5,1)]
fromList [(3,0),(3,1),(6,0)]
fromList [(2,0),(2,1),(4,0),(5,0)]
fromList []
fromList [(2,2),(5,2),(6,1),(9,3),(9,4)]
fromList [(6,2),(6,3),(8,3)]
fromList [(7,1),(7,2),(7,3)]
fromList [(8,2)]
fromList []
fromList [(0,9)]
fromList []
fromList [(0,1),(1,0),(1,1),(1,9),(4,9)]
fromList [(2,9),(3,9)]
fromList []
fromList []
fromList [(0,0),(3,2),(4,2),(7,0),(8,1),(8,4),(9,2)]
fromList [(5,3),(7,4),(8,0),(9,1)]
fromList [(4,3),(6,4),(9,0)]
fromList [(3,3),(5,4)]
fromList [(2,3),(4,4)]
fromList [(1,3),(3,4)]
fromList [(1,2),(2,4)]
fromList [(0,3),(1,4),(2,1),(2,2)]
fromList [(0,2),(0,4),(1,5),(3,1)]
fromList [(2,5)]
fromList [(1,6),(3,5)]
fromList [(2,6),(4,5)]
fromList [(3,6),(5,5)]
fromList [(4,6),(6,5)]
fromList [(5,6),(7,5)]
fromList [(6,6),(8,5)]
fromList [(7,6)]
fromList []
fromList [(0,5),(1,7),(1,8),(2,0),(2,7),(2,8),(3,7),(3,8),(4,1),(4,7),(5,1),(5,7),(6,7),(8,6),(9,5)]
fromList [(0,6),(0,7),(0,8),(3,0),(4,8),(5,2),(5,8),(6,0),(7,7),(9,6)]
fromList [(4,0),(5,0),(5,9),(6,3),(6,8),(8,7)]
fromList [(6,1),(6,9),(7,8),(9,7)]
fromList [(6,2),(7,1),(7,9),(8,8)]
fromList [(7,2),(7,3),(8,9),(9,8)]
fromList [(8,2),(8,3),(9,9)]
fromList []
fromList [(1,1),(9,3),(9,4)]
fromList []
fromList []
fromList [(0,1),(0,9),(1,0),(4,9)]
fromList [(1,9),(3,9)]
fromList [(2,9)]
fromList []
fromList [(1,6),(8,4)]
fromList [(8,5)]
fromList [(7,4),(7,6)]
fromList [(7,5)]
fromList [(6,6)]
fromList []
fromList [(2,1),(2,6),(3,1),(5,6),(6,4),(6,5)]
fromList [(1,5),(3,6),(4,2),(4,6),(5,3),(5,5)]
fromList [(2,5),(3,2),(4,5),(5,4)]
fromList [(2,2),(3,5),(4,3),(4,4)]
fromList [(1,2),(3,3),(3,4)]
fromList [(2,3),(2,4)]
fromList [(1,3),(1,4)]
fromList [(0,2),(0,4)]
fromList [(0,3),(1,1)]
fromList [(0,0),(2,0)]
fromList []
fromList [(0,5),(6,3),(7,0),(8,1),(8,3),(9,2)]
fromList [(5,2),(7,3),(8,0),(8,2),(9,1)]
fromList [(4,1),(6,2),(7,1),(7,2),(9,0)]
fromList [(3,0),(5,1),(6,1)]
fromList [(4,0),(6,0)]
fromList [(5,0)]
fromList []
fromList [(0,6),(1,8),(2,7),(2,8),(3,7),(3,8),(4,7),(5,7),(6,7),(8,6),(9,3),(9,5)]
fromList [(0,7),(0,8),(1,7),(4,8),(5,8),(7,7),(9,4),(9,6)]
fromList [(1,6),(5,9),(6,8),(8,7)]
fromList [(6,9),(7,8),(9,7)]
fromList [(7,9),(8,8)]
fromList [(8,9),(9,8)]
fromList [(9,9)]
fromList []
fromList [(6,6)]
fromList [(7,6)]
fromList []
fromList [(0,1),(1,0),(4,9),(7,4),(7,5),(8,4),(8,5)]
fromList [(3,9)]
fromList [(2,9)]
fromList [(1,9)]
fromList []
fromList [(0,9)]
fromList []
fromList [(2,6),(5,6),(6,4),(6,5)]
fromList [(1,5),(3,6),(4,6),(5,3),(5,5)]
fromList [(2,5),(4,2),(4,5),(5,4)]
fromList [(3,1),(3,5),(4,3),(4,4)]
fromList [(3,2),(3,4)]
fromList [(2,1),(2,4),(3,3)]
fromList [(1,4),(2,0),(2,2),(2,3)]
fromList [(1,1),(1,2),(1,3)]
fromList [(0,2),(0,4)]
fromList [(0,3),(0,5)]
fromList []
fromList [(0,0),(6,3),(8,3)]
fromList [(5,2),(7,3)]
fromList [(4,1),(6,2)]
fromList [(3,0),(5,1),(7,2)]
fromList [(4,0),(6,1),(8,2)]
fromList [(5,0),(7,1)]
fromList [(6,0)]
fromList []
fromList [(1,6),(7,0),(8,1),(9,2)]
fromList [(8,0),(9,1),(9,3)]
fromList [(9,0),(9,4)]
fromList []
fromList [(0,6),(1,8),(2,7),(2,8),(3,7),(3,8),(4,7),(5,7),(6,6),(6,7),(7,4),(8,6),(9,5)]
fromList [(0,7),(0,8),(1,7),(4,8),(5,8),(7,5),(7,6),(7,7),(8,4),(9,6)]
fromList [(5,9),(6,8),(8,5),(8,7)]
fromList [(6,9),(7,8),(9,7)]
fromList [(7,9),(8,8)]
fromList [(8,9),(9,8)]
fromList [(9,9)]
fromList []
fromList [(0,1),(1,0),(1,9),(4,9)]
fromList [(2,9),(3,9)]
fromList []
fromList []
fromList [(0,9),(2,6),(5,6),(6,4),(6,5),(8,3)]
fromList [(3,6),(4,6),(5,3),(5,5),(8,2)]
fromList [(4,2),(4,5),(5,4),(7,3)]
fromList [(3,1),(3,5),(4,3),(4,4),(6,3)]
fromList [(2,5),(3,2),(3,4),(7,2)]
fromList [(1,5),(1,6),(2,1),(3,3),(7,1)]
fromList [(0,5),(1,1),(2,0),(2,2),(2,4),(6,2)]
fromList [(1,2),(1,4),(2,3),(5,2)]
fromList [(1,3),(6,1)]
fromList [(0,2),(0,4)]
fromList [(0,3)]
fromList []
fromList [(4,1),(5,1)]
fromList [(3,0),(6,0)]
fromList [(4,0),(5,0)]
fromList []
fromList [(0,0),(7,4),(9,4)]
fromList [(9,3)]
fromList [(8,4)]
fromList []
fromList [(7,0),(7,5),(8,1),(9,2)]
fromList [(6,6),(8,0),(8,5),(9,1)]
fromList [(7,6),(9,0)]
fromList []
fromList [(0,1),(0,6),(1,0),(1,8),(2,7),(2,8),(3,7),(3,8),(4,7),(5,7),(6,7),(8,6),(9,5)]
fromList [(0,7),(0,8),(1,7),(4,8),(5,8),(7,7),(9,6)]
fromList [(1,9),(5,9),(6,8),(8,7)]
fromList [(2,9),(4,9),(6,9),(7,8),(9,7)]
fromList [(3,9),(7,9),(8,8)]
fromList [(8,9),(9,8)]
fromList [(9,9)]
fromList []
fromList [(8,3)]
fromList [(8,2)]
fromList [(7,1)]
fromList [(6,1)]
fromList [(7,2)]
fromList [(7,3)]
fromList [(6,2)]
fromList []
fromList [(1,6),(5,2),(5,6),(6,3),(6,5)]
fromList [(2,6),(4,6),(6,4),(7,4)]
fromList [(3,6),(5,3),(5,5),(8,4)]
fromList [(4,2),(4,5),(5,4)]
fromList [(3,1),(3,5),(4,3),(4,4)]
fromList [(2,5),(3,2),(3,4)]
fromList [(1,5),(2,1),(3,3)]
fromList [(1,1),(2,0),(2,2),(2,4)]
fromList [(1,2),(2,3)]
fromList [(1,3),(1,4)]
fromList [(0,2),(0,5)]
fromList [(0,3),(0,4)]
fromList []
fromList [(0,9),(4,1),(5,1),(6,6)]
fromList [(3,0),(6,0),(7,5),(7,6)]
fromList [(4,0),(5,0),(8,5)]
fromList [(9,4)]
fromList [(9,3)]
fromList []
fromList []
fromList [(0,0)]
fromList []
fromList [(0,1),(1,0),(7,0),(8,1),(9,2)]
fromList [(6,1),(8,0),(8,3),(9,1)]
fromList [(6,2),(7,1),(7,3),(8,2),(9,0)]
fromList [(7,2),(8,4)]
fromList [(9,5)]
fromList [(8,6)]
fromList []
fromList [(0,6),(2,7),(3,7),(4,7),(5,7),(6,7),(7,4),(7,7),(9,6)]
fromList [(1,7),(3,8),(4,8),(5,8),(6,8),(8,7)]
fromList [(0,7),(1,8),(2,8),(4,9),(5,9),(7,8),(9,7)]
fromList [(0,8),(1,9),(2,9),(3,9),(6,9),(8,8)]
fromList [(7,9),(9,8)]
fromList [(8,9)]
fromList [(9,9)]
fromList []
fromList [(1,6),(5,2),(5,6),(6,3),(6,5),(8,5)]
fromList [(2,6),(4,6),(6,4),(6,6),(7,5),(7,6)]
fromList [(3,6),(5,3),(5,5)]
fromList [(4,2),(4,5),(5,4)]
fromList [(3,1),(3,5),(4,3),(4,4)]
fromList [(2,5),(3,2),(3,4)]
fromList [(1,5),(2,1),(3,3)]
fromList [(1,1),(2,0),(2,2),(2,4)]
fromList [(1,2),(2,3)]
fromList [(1,3),(1,4)]
fromList [(0,2),(0,5)]
fromList [(0,3),(0,4)]
fromList []
fromList [(4,1),(5,1),(8,6),(9,3),(9,4)]
fromList [(3,0),(6,0)]
fromList [(4,0),(5,0)]
fromList []
fromList [(0,9)]
fromList []
fromList [(8,4)]
fromList [(7,4),(9,5)]
fromList [(7,3),(8,3)]
fromList [(6,2)]
fromList [(6,1)]
fromList [(7,2)]
fromList []
fromList [(0,0),(7,1),(8,2)]
fromList [(0,1),(1,0)]
fromList []
fromList [(7,0),(8,1),(8,5),(9,2)]
fromList [(8,0),(9,1),(9,6)]
fromList [(9,0)]
fromList []
fromList [(0,6),(2,7),(3,7),(4,7),(5,2),(5,7),(6,3),(6,7),(7,5),(7,7),(8,7)]
fromList [(1,7),(3,8),(4,8),(5,8),(6,4),(6,6),(6,8),(7,6),(7,8),(8,6),(9,7)]
fromList [(0,7),(1,8),(2,8),(4,9),(5,3),(5,6),(5,9),(6,5),(6,9),(8,8)]
fromList [(0,8),(1,6),(1,9),(2,9),(3,9),(4,2),(4,6),(5,4),(5,5),(7,9),(9,8)]
fromList [(2,6),(3,1),(3,6),(4,3),(4,5),(8,9)]
fromList [(3,2),(3,5),(4,4),(9,9)]
fromList [(2,1),(2,5),(3,3),(3,4)]
fromList [(1,1),(1,5),(2,0),(2,2),(2,4)]
fromList [(1,2),(2,3)]
fromList [(1,3),(1,4)]
fromList [(0,2),(0,5)]
fromList [(0,3),(0,4)]
fromList []
fromList [(4,1),(5,1),(9,3),(9,4)]
fromList [(3,0),(6,0)]
fromList [(4,0),(5,0)]
fromList [(6,1)]
fromList [(6,2)]
fromList [(7,2)]
fromList [(7,1)]
fromList []
fromList [(7,3),(7,4),(8,2),(8,3)]
fromList [(8,4)]
fromList [(9,5)]
fromList [(8,5)]
fromList []
fromList [(0,9)]
fromList []
fromList [(9,6)]
fromList []
fromList [(0,1),(1,0)]
fromList [(0,0)]
fromList []
fromList [(5,2),(6,3),(7,0),(8,1),(9,2)]
fromList [(7,2),(8,0),(9,1)]
fromList [(7,1),(9,0)]
fromList [(6,2)]
fromList [(5,3),(6,1)]
fromList [(4,2),(6,4)]
fromList [(3,1),(7,5)]
fromList [(8,6)]
fromList []
fromList [(1,1),(2,0),(2,1),(3,2),(4,3),(5,1),(5,4),(6,5),(7,6),(8,2),(9,3),(9,4)]
fromList [(1,2),(2,2),(3,3),(4,1),(4,4),(5,5),(6,0),(6,6),(7,3),(8,3),(8,5),(8,7)]
fromList [(0,2),(2,3),(3,0),(3,4),(4,5),(5,0),(5,6),(7,4),(7,7),(8,4),(9,7)]
fromList [(1,3),(2,4),(3,5),(4,0),(4,6),(6,7),(8,8),(9,5)]
fromList [(0,3),(1,4),(2,5),(3,6),(5,7),(7,8),(9,8)]
fromList [(0,4),(1,5),(2,6),(4,7),(6,8),(8,9)]
fromList [(0,5),(1,6),(3,7),(5,8),(7,9),(9,9)]
fromList [(0,6),(2,7),(4,8),(6,9)]
fromList [(1,7),(3,8),(5,9)]
fromList [(0,7),(1,8),(2,8),(4,9)]
fromList [(0,8),(1,9),(2,9),(3,9)]
fromList []
fromList []
fromList [(3,1),(9,6)]
fromList [(8,6)]
fromList [(7,5)]
fromList []
fromList [(0,9),(4,2),(6,4)]
fromList []
fromList [(5,3)]
fromList [(5,2),(6,3)]
fromList [(6,2)]
fromList [(6,1),(7,2)]
fromList [(7,1)]
fromList []
fromList [(0,1),(1,0)]
fromList [(0,0)]
fromList []
fromList [(5,1),(7,0),(7,3),(8,1),(9,2)]
fromList [(4,1),(6,0),(7,4),(8,0),(8,2),(9,1)]
fromList [(5,0),(8,3),(8,5),(9,0)]
fromList [(4,0),(8,4)]
fromList [(9,3),(9,5)]
fromList [(9,4)]
fromList []
fromList [(1,1),(3,0),(3,2),(4,3),(5,4),(6,5),(7,6)]
fromList [(2,0),(2,1),(2,2),(3,1),(3,3),(4,2),(4,4),(5,5),(6,4),(6,6),(7,5),(8,7)]
fromList [(1,2),(2,3),(3,4),(4,5),(5,6),(7,7),(8,6),(9,7)]
fromList [(0,2),(1,3),(2,4),(3,5),(4,6),(6,7),(8,8),(9,6)]
fromList [(0,3),(1,4),(2,5),(3,6),(5,7),(7,8),(9,8)]
fromList [(0,4),(1,5),(2,6),(4,7),(6,8),(8,9)]
fromList [(0,5),(1,6),(3,7),(5,8),(7,9),(9,9)]
fromList [(0,6),(2,7),(4,8),(6,9)]
fromList [(1,7),(3,8),(5,9)]
fromList [(0,7),(1,8),(2,8),(4,9)]
fromList [(0,8),(1,9),(2,9),(3,9)]
fromList []
fromList []
fromList [(5,3),(7,1)]
fromList [(5,2),(6,1),(6,3),(7,2)]
fromList [(6,2)]
fromList []
fromList [(0,9)]
fromList []
fromList [(4,1)]
fromList [(5,1)]
fromList []
fromList [(0,1),(1,0),(4,0),(7,3),(7,4),(8,5)]
fromList [(0,0),(5,0),(8,4)]
fromList [(6,0),(8,3),(9,5)]
fromList [(8,2),(9,4)]
fromList [(9,3)]
fromList []
fromList [(4,2),(6,4),(7,0),(8,1),(9,2)]
fromList [(7,5),(8,0),(9,1)]
fromList [(9,0)]
fromList []
fromList [(1,1),(3,1),(4,3),(5,4),(6,5),(7,1),(8,6)]
fromList [(2,0),(2,1),(3,0),(3,2),(4,4),(5,5),(6,1),(7,2),(7,6),(9,6)]
fromList [(1,2),(2,2),(3,3),(4,5),(5,2),(5,3),(6,2),(6,3),(6,6),(8,7)]
fromList [(0,2),(2,3),(3,4),(4,1),(5,1),(5,6),(7,7),(9,7)]
fromList [(1,3),(2,4),(3,5),(4,6),(6,7),(8,8)]
fromList [(0,3),(1,4),(2,5),(3,6),(5,7),(7,8),(9,8)]
fromList [(0,4),(1,5),(2,6),(4,7),(6,8),(8,9)]
fromList [(0,5),(1,6),(3,7),(5,8),(7,9),(9,9)]
fromList [(0,6),(2,7),(4,8),(6,9)]
fromList [(1,7),(3,8),(5,9)]
fromList [(0,7),(1,8),(2,8),(4,9)]
fromList [(0,8),(1,9),(2,9),(3,9)]
fromList []
fromList [(4,2)]
fromList []
fromList []
fromList [(0,9),(8,2)]
fromList [(7,3)]
fromList [(6,4),(7,4)]
fromList [(7,5),(8,3),(8,5)]
fromList [(8,4)]
fromList []
fromList [(4,0),(6,0),(9,3),(9,5)]
fromList [(5,0),(9,4)]
fromList []
fromList [(0,1),(1,0)]
fromList [(0,0)]
fromList []
fromList [(5,1),(7,0),(8,1),(9,2)]
fromList [(4,1),(6,1),(7,1),(7,2),(8,0),(9,1)]
fromList [(5,2),(6,2),(6,3),(9,0)]
fromList [(5,3)]
fromList []
fromList [(1,1),(3,1),(4,2),(4,3),(5,4),(6,5),(8,2),(8,6)]
fromList [(2,0),(2,1),(3,0),(3,2),(3,3),(4,4),(5,5),(7,6),(9,6)]
fromList [(1,2),(2,2),(3,4),(4,5),(6,6),(8,7)]
fromList [(0,2),(2,3),(3,5),(5,6),(7,7),(9,7)]
fromList [(1,3),(2,4),(4,6),(6,7),(8,8)]
fromList [(0,3),(1,4),(2,5),(3,6),(5,7),(7,8),(9,8)]
fromList [(0,4),(1,5),(2,6),(4,7),(6,8),(8,9)]
fromList [(0,5),(1,6),(3,7),(5,8),(7,9),(9,9)]
fromList [(0,6),(2,7),(4,8),(6,9)]
fromList [(1,7),(3,8),(5,9)]
fromList [(0,7),(1,8),(2,8),(4,9)]
fromList [(0,8),(1,9),(2,9),(3,9)]
fromList []
fromList [(6,4),(8,3),(8,5)]
fromList [(7,3),(7,4),(7,5),(8,4)]
fromList []
fromList []
fromList [(0,9),(4,0),(6,0),(9,3),(9,5)]
fromList [(5,0),(9,4)]
fromList [(4,1)]
fromList []
fromList [(5,1),(5,3)]
fromList [(5,2),(6,3)]
fromList [(6,2)]
fromList [(6,1),(7,2)]
fromList [(7,1)]
fromList []
fromList [(0,1),(1,0),(8,2)]
fromList [(0,0),(8,1),(9,2)]
fromList [(7,0),(9,1)]
fromList [(8,0)]
fromList []
fromList [(4,2),(8,3),(9,0)]
fromList [(7,3)]
fromList [(8,4)]
fromList []
fromList [(1,1),(3,1),(4,3),(5,4),(6,5),(7,4),(8,6)]
fromList [(2,0),(2,1),(3,0),(3,2),(4,4),(5,5),(6,4),(7,5),(7,6),(8,5),(9,6)]
fromList [(1,2),(2,2),(3,3),(4,1),(4,5),(6,6),(8,7)]
fromList [(0,2),(2,3),(3,4),(5,6),(7,7),(9,7)]
fromList [(1,3),(2,4),(3,5),(4,6),(6,7),(8,8)]
fromList [(0,3),(1,4),(2,5),(3,6),(5,7),(7,8),(9,8)]
fromList [(0,4),(1,5),(2,6),(4,7),(6,8),(8,9)]
fromList [(0,5),(1,6),(3,7),(5,8),(7,9),(9,9)]
fromList [(0,6),(2,7),(4,8),(6,9)]
fromList [(1,7),(3,8),(5,9)]
fromList [(0,7),(1,8),(2,8),(4,9)]
fromList [(0,8),(1,9),(2,9),(3,9)]
fromList []
fromList []
fromList [(4,0),(5,3),(6,0),(9,3),(9,5)]
fromList [(5,0),(6,3),(7,1),(9,4)]
fromList [(5,1),(5,2),(7,2)]
fromList [(4,2),(6,1),(6,2)]
fromList []
fromList [(0,9),(8,2),(8,4)]
fromList [(7,3),(8,3)]
fromList []
fromList [(8,1),(9,2)]
fromList [(7,0),(9,1)]
fromList [(8,0)]
fromList []
fromList [(0,1),(1,0),(4,1)]
fromList [(0,0)]
fromList []
fromList [(7,4),(9,0)]
fromList [(6,4),(8,5)]
fromList [(7,5)]
fromList []
fromList [(1,1),(3,1),(4,3),(5,4),(6,5),(8,6)]
fromList [(2,0),(2,1),(3,0),(3,2),(4,4),(5,5),(7,6),(9,6)]
fromList [(1,2),(2,2),(3,3),(4,5),(6,6),(8,7)]
fromList [(0,2),(2,3),(3,4),(4,2),(5,6),(7,7),(9,7)]
fromList [(1,3),(2,4),(3,5),(4,6),(5,3),(6,7),(8,8)]
fromList [(0,3),(1,4),(2,5),(3,6),(5,7),(6,3),(7,8),(9,8)]
fromList [(0,4),(1,5),(2,6),(4,7),(5,2),(6,8),(7,2),(8,9)]
fromList [(0,5),(1,6),(3,7),(5,8),(6,2),(7,1),(7,9),(9,9)]
fromList [(0,6),(2,7),(4,8),(6,1),(6,9)]
fromList [(1,7),(3,8),(5,1),(5,9)]
fromList [(0,7),(1,8),(2,8),(4,9)]
fromList [(0,8),(1,9),(2,9),(3,9)]
fromList []
fromList [(4,0),(6,0),(7,3),(8,2),(9,3),(9,5)]
fromList [(4,1),(5,0),(8,3),(8,4),(9,4)]
fromList []
fromList []
fromList [(0,9),(6,4),(8,1),(8,5)]
fromList [(7,0),(7,4),(7,5),(9,2)]
fromList [(8,0),(9,1)]
fromList []
fromList []
fromList [(0,1),(1,0),(7,1)]
fromList [(0,0),(7,2)]
fromList [(6,1)]
fromList [(5,1)]
fromList [(6,2)]
fromList [(6,3)]
fromList [(5,2)]
fromList []
fromList [(5,3),(7,3),(8,2),(9,0)]
fromList [(4,2),(8,3)]
fromList [(8,4)]
fromList []
fromList [(1,1),(3,1),(4,3),(5,4),(6,0),(6,5),(8,6),(9,3)]
fromList [(2,0),(2,1),(3,0),(3,2),(4,1),(4,4),(5,5),(7,6),(9,4),(9,6)]
fromList [(1,2),(2,2),(3,3),(4,0),(4,5),(5,0),(6,4),(6,6),(8,7),(9,5)]
fromList [(0,2),(2,3),(3,4),(5,6),(7,4),(7,5),(7,7),(8,5),(9,7)]
fromList [(1,3),(2,4),(3,5),(4,6),(6,7),(8,8)]
fromList [(0,3),(1,4),(2,5),(3,6),(5,7),(7,8),(9,8)]
fromList [(0,4),(1,5),(2,6),(4,7),(6,8),(8,9)]
fromList [(0,5),(1,6),(3,7),(5,8),(7,9),(9,9)]
fromList [(0,6),(2,7),(4,8),(6,9)]
fromList [(1,7),(3,8),(5,9)]
fromList [(0,7),(1,8),(2,8),(4,9)]
fromList [(0,8),(1,9),(2,9),(3,9)]
fromList []
fromList []
fromList [(8,1)]
fromList [(7,0),(9,2)]
fromList [(8,0),(9,1)]
fromList []
fromList [(0,9),(5,1),(6,3),(7,1),(8,4)]
fromList [(4,2),(5,2),(6,1),(6,2),(7,2)]
fromList [(5,3),(7,3),(8,2),(8,3)]
fromList []
fromList []
fromList [(0,1),(1,0)]
fromList [(0,0)]
fromList []
fromList [(6,0),(7,4),(9,0),(9,3)]
fromList [(6,4)]
fromList []
fromList [(1,1),(4,1),(4,3),(5,0),(5,4),(7,5),(9,4)]
fromList [(3,2),(4,0),(4,4),(6,5),(8,5)]
fromList [(2,1),(3,1),(3,3),(5,5),(7,6),(9,5)]
fromList [(1,2),(2,0),(2,2),(3,0),(3,4),(4,5),(6,6),(8,4),(8,6)]
fromList [(0,2),(2,3),(3,5),(5,6),(7,7),(9,6)]
fromList [(1,3),(2,4),(4,6),(6,7),(8,7)]
fromList [(0,3),(1,4),(2,5),(3,6),(5,7),(7,8),(9,7)]
fromList [(0,4),(1,5),(2,6),(4,7),(6,8),(8,8)]
fromList [(0,5),(1,6),(3,7),(5,8),(7,9),(9,8)]
fromList [(0,6),(2,7),(4,8),(6,9),(8,9)]
fromList [(1,7),(3,8),(5,9),(9,9)]
fromList [(0,7),(1,8),(2,8),(4,9)]
fromList [(0,8),(1,9),(2,9),(3,9)]
fromList []
fromList [(4,2),(8,1)]
fromList [(5,1),(5,3),(7,0),(9,2)]
fromList [(5,2),(8,0),(8,3),(9,1)]
fromList [(6,1),(6,3),(8,2)]
fromList [(6,2),(7,1),(7,2),(7,3)]
fromList []
fromList [(6,4),(7,4)]
fromList []
fromList [(0,9)]
fromList []
fromList [(6,0),(9,3)]
fromList []
fromList [(0,1),(1,0)]
fromList [(0,0)]
fromList []
fromList [(8,4),(9,0)]
fromList []
fromList [(1,1),(4,1),(4,3),(5,0),(5,4),(7,5),(9,4)]
fromList [(3,2),(4,0),(4,4),(6,5),(8,3),(8,5)]
fromList [(2,1),(3,1),(3,3),(5,1),(5,3),(5,5),(7,3),(7,4),(7,6),(9,5)]
fromList [(1,2),(2,0),(2,2),(3,0),(3,4),(4,2),(4,5),(5,2),(6,3),(6,4),(6,6),(8,6)]
fromList [(0,2),(2,3),(3,5),(5,6),(6,1),(6,2),(7,7),(9,6)]
fromList [(1,3),(2,4),(4,6),(6,7),(7,2),(8,7)]
fromList [(0,3),(1,4),(2,5),(3,6),(5,7),(7,1),(7,8),(8,2),(9,7)]
fromList [(0,4),(1,5),(2,6),(4,7),(6,8),(8,1),(8,8)]
fromList [(0,5),(1,6),(3,7),(5,8),(7,0),(7,9),(9,2),(9,8)]
fromList [(0,6),(2,7),(4,8),(6,9),(8,0),(8,9),(9,1)]
fromList [(1,7),(3,8),(5,9),(9,9)]
fromList [(0,7),(1,8),(2,8),(4,9)]
fromList [(0,8),(1,9),(2,9),(3,9)]
fromList []
fromList []
fromList [(6,0),(8,4),(9,3)]
fromList []
fromList [(0,9)]
fromList []
fromList []
fromList [(0,1),(1,0)]
fromList [(0,0)]
fromList []
fromList [(9,0)]
fromList []
fromList [(1,1)]
fromList []
fromList [(0,2),(1,2),(2,0),(2,1),(8,3),(9,4)]
fromList [(0,3),(1,3),(2,2),(3,0),(3,1),(7,3),(7,4),(8,2),(8,5),(9,2),(9,5)]
fromList [(0,4),(1,4),(2,3),(3,2),(4,0),(4,1),(6,3),(6,4),(7,1),(7,2),(7,5),(8,1),(8,4),(8,6),(9,1),(9,3),(9,6)]
fromList [(0,5),(1,5),(2,4),(3,3),(4,2),(5,0),(5,1),(5,2),(5,3),(5,4),(6,1),(6,2),(6,5),(7,0),(7,6),(8,0),(8,7),(9,7)]
fromList [(0,6),(1,6),(2,5),(3,4),(4,3),(4,4),(5,5),(6,0),(6,6),(7,7),(8,8),(9,8)]
fromList [(0,7),(1,7),(2,6),(3,5),(4,5),(5,6),(6,7),(7,8),(8,9),(9,9)]
fromList [(0,8),(1,8),(2,7),(3,6),(4,6),(5,7),(6,8),(7,9)]
fromList [(1,9),(2,8),(3,7),(4,7),(5,8),(6,9)]
fromList [(2,9),(3,8),(4,8),(5,9)]
fromList [(3,9),(4,9)]
fromList []
fromList []
fromList [(0,9)]
fromList []
fromList []
fromList [(0,1),(1,0),(1,1)]
fromList [(0,0)]
fromList []
fromList [(9,0)]
fromList []
fromList []
fromList []
fromList [(0,2),(1,2),(2,0),(2,1)]
fromList [(0,3),(1,3),(2,2),(3,0),(3,1)]
fromList [(0,4),(1,4),(2,3),(3,2),(4,0),(4,1)]
fromList [(0,5),(1,5),(2,4),(3,3),(4,2),(5,0),(5,1)]
fromList [(0,6),(1,6),(2,5),(3,4),(4,3),(5,2),(6,0),(6,1)]
fromList [(0,7),(1,7),(2,6),(3,5),(4,4),(5,3),(6,2),(7,0),(7,1)]
fromList [(0,8),(1,8),(2,7),(3,6),(4,5),(5,4),(6,3),(7,2),(8,0),(8,1)]
fromList [(1,9),(2,8),(3,7),(4,6),(5,5),(6,4),(7,3),(8,2),(9,1)]
fromList [(2,9),(3,8),(4,7),(5,6),(6,5),(7,4),(8,3),(9,2)]
fromList [(3,9),(4,8),(5,7),(6,6),(7,5),(8,4),(9,3)]
fromList [(4,9),(5,8),(6,7),(7,6),(8,5),(9,4)]
fromList [(5,9),(6,8),(7,7),(8,6),(9,5)]
fromList [(6,9),(7,8),(8,7),(9,6)]
fromList [(7,9),(8,8),(9,7)]
fromList [(8,9),(9,8)]
fromList [(9,9)]
fromList []
fromList [(0,9),(1,1)]
fromList []
fromList []
fromList [(0,1),(1,0)]
fromList [(0,0)]
fromList []
fromList [(9,0)]
fromList []
fromList []
fromList []
fromList []
fromList [(0,2),(1,1),(1,2),(2,0),(2,1)]
fromList [(0,3),(1,3),(2,2),(3,0),(3,1)]
fromList [(0,4),(1,4),(2,3),(3,2),(4,0),(4,1)]
fromList [(0,5),(1,5),(2,4),(3,3),(4,2),(5,0),(5,1)]
fromList [(0,6),(1,6),(2,5),(3,4),(4,3),(5,2),(6,0),(6,1)]
fromList [(0,7),(1,7),(2,6),(3,5),(4,4),(5,3),(6,2),(7,0),(7,1)]
fromList [(0,8),(1,8),(2,7),(3,6),(4,5),(5,4),(6,3),(7,2),(8,0),(8,1)]
fromList [(1,9),(2,8),(3,7),(4,6),(5,5),(6,4),(7,3),(8,2),(9,1)]
fromList [(0,9),(2,9),(3,8),(4,7),(5,6),(6,5),(7,4),(8,3),(9,2)]
fromList [(3,9),(4,8),(5,7),(6,6),(7,5),(8,4),(9,3)]
fromList [(4,9),(5,8),(6,7),(7,6),(8,5),(9,4)]
fromList [(5,9),(6,8),(7,7),(8,6),(9,5)]
fromList [(6,9),(7,8),(8,7),(9,6)]
fromList [(7,9),(8,8),(9,7)]
fromList [(8,9),(9,8)]
fromList [(9,9)]
fromList []
fromList []
fromList [(0,1),(1,0)]
fromList [(0,0)]
fromList []
fromList [(9,0)]
fromList []
fromList []
fromList []
fromList []
fromList [(1,1)]
fromList []
fromList [(0,2),(1,2),(2,0),(2,1)]
fromList [(0,3),(1,3),(2,2),(3,0),(3,1)]
fromList [(0,4),(1,4),(2,3),(3,2),(4,0),(4,1)]
fromList [(0,5),(1,5),(2,4),(3,3),(4,2),(5,0),(5,1)]
fromList [(0,6),(1,6),(2,5),(3,4),(4,3),(5,2),(6,0),(6,1)]
fromList [(0,7),(1,7),(2,6),(3,5),(4,4),(5,3),(6,2),(7,0),(7,1)]
fromList [(0,8),(1,8),(2,7),(3,6),(4,5),(5,4),(6,3),(7,2),(8,0),(8,1)]
fromList [(0,9),(1,9),(2,8),(3,7),(4,6),(5,5),(6,4),(7,3),(8,2),(9,1)]
fromList [(2,9),(3,8),(4,7),(5,6),(6,5),(7,4),(8,3),(9,2)]
fromList [(3,9),(4,8),(5,7),(6,6),(7,5),(8,4),(9,3)]
fromList [(4,9),(5,8),(6,7),(7,6),(8,5),(9,4)]
fromList [(5,9),(6,8),(7,7),(8,6),(9,5)]
fromList [(6,9),(7,8),(8,7),(9,6)]
fromList [(7,9),(8,8),(9,7)]
fromList [(8,9),(9,8)]
fromList [(9,9)]
fromList []
fromList [(0,1),(1,0)]
fromList [(0,0)]
fromList [(1,1)]
fromList []
fromList [(9,0)]
fromList []
fromList []
fromList []
fromList []
fromList []
fromList []
fromList [(0,2),(1,2),(2,0),(2,1)]
fromList [(0,3),(1,1),(1,3),(2,2),(3,0),(3,1)]
fromList [(0,1),(0,4),(1,0),(1,4),(2,3),(3,2),(4,0),(4,1)]
fromList [(0,0),(0,5),(1,5),(2,4),(3,3),(4,2),(5,0),(5,1)]
fromList [(0,6),(1,6),(2,5),(3,4),(4,3),(5,2),(6,0),(6,1)]
fromList [(0,7),(1,7),(2,6),(3,5),(4,4),(5,3),(6,2),(7,0),(7,1)]
fromList [(0,8),(1,8),(2,7),(3,6),(4,5),(5,4),(6,3),(7,2),(8,0),(8,1)]
fromList [(0,9),(1,9),(2,8),(3,7),(4,6),(5,5),(6,4),(7,3),(8,2),(9,1)]
fromList [(2,9),(3,8),(4,7),(5,6),(6,5),(7,4),(8,3),(9,2)]
fromList [(3,9),(4,8),(5,7),(6,6),(7,5),(8,4),(9,3)]
fromList [(4,9),(5,8),(6,7),(7,6),(8,5),(9,4)]
fromList [(5,9),(6,8),(7,7),(8,6),(9,5)]
fromList [(6,9),(7,8),(8,7),(9,6)]
fromList [(7,9),(8,8),(9,7)]
fromList [(8,9),(9,8)]
fromList [(9,9)]
fromList []
fromList [(9,0)]
fromList []
fromList []
fromList []
fromList []
fromList []
fromList []
fromList []
fromList []
fromList [(8,0),(8,1),(9,1)]
fromList [(7,0),(7,1),(7,2),(8,2),(9,0),(9,2)]
fromList [(6,0),(6,1),(6,2),(6,3),(7,3),(8,3),(9,3)]
fromList [(5,0),(5,1),(5,2),(5,3),(5,4),(6,4),(7,4),(8,4),(9,4)]
fromList [(4,0),(4,1),(4,2),(4,3),(4,4),(4,5),(5,5),(6,5),(7,5),(8,5),(9,5)]
fromList [(3,0),(3,1),(3,2),(3,3),(3,4),(3,5),(3,6),(4,6),(5,6),(6,6),(7,6),(8,6),(9,6)]
fromList [(2,0),(2,1),(2,2),(2,3),(2,4),(2,5),(2,6),(2,7),(3,7),(4,7),(5,7),(6,7),(7,7),(8,7),(9,7)]
fromList [(1,0),(1,1),(1,2),(1,3),(1,4),(1,5),(1,6),(1,7),(1,8),(2,8),(3,8),(4,8),(5,8),(6,8),(7,8),(8,8),(9,8)]
fromList [(0,0),(0,1),(0,2),(0,3),(0,4),(0,5),(0,6),(0,7),(0,8),(0,9),(1,9),(2,9),(3,9),(4,9),(5,9),(6,9),(7,9),(8,9),(9,9)]
fromList []
